ONE
0
1
6
0
0
9
0
0
0
0
0
0
0
1
0
0
7
2
8
0
0
4
0
0
0
0
0
0
0
0
8
0
1
0
0
0
0
0
3
0
0
0
4
0
0
0
6
0
0
7
0
3
0
7
0
0
9
0
0
0
0
0
0
1
0
0
0
0
4
2
0
0
9
0
0
0
5
0
0
0
0
TWO
0
5
0
6
0
3
0
0
0
0
8
0
0
0
0
9
4
0
0
0
0
0
0
0
1
0
0
0
0
8
0
0
0
4
7
0
0
7
0
0
2
9
0
0
0
0
0
5
3
0
0
0
0
0
0
0
0
0
0
0
0
0
4
0
3
6
0
0
5
0
0
2
8
0
0
1
9
0
0
0
0
THREE
0
0
0
0
0
0
5
6
0
0
0
0
0
8
0
0
4
0
0
0
3
2
0
0
0
0
7
0
0
0
1
0
0
0
0
0
0
6
4
0
0
0
2
1
0
0
0
0
0
7
0
0
8
0
0
7
0
0
0
5
0
0
0
0
0
0
0
2
6
8
0
0
0
5
0
0
0
0
4
0
3
FOUR
1
0
0
0
0
0
4
9
0
0
0
0
0
0
0
7
0
0
3
9
6
0
5
0
0
0
0
6
0
0
9
0
0
0
0
0
0
0
0
0
7
0
0
0
0
0
4
9
0
0
1
8
2
0
4
0
0
0
8
7
0
0
0
0
0
3
0
0
2
0
0
5
0
0
0
0
0
0
0
0
0
FIVE
4
0
0
0
0
5
0
8
0
0
1
0
0
0
0
0
0
0
7
0
3
4
2
0
0
0
0
0
0
0
0
0
0
1
0
0
0
0
9
1
0
0
0
0
7
5
3
0
2
0
0
0
9
0
0
0
0
0
0
0
7
0
8
0
0
5
0
0
6
0
0
0
0
0
0
0
9
0
0
5
0