ONE
6
2
7
3
5
0
0
0
0
0
0
3
0
6
0
0
0
0
0
9
0
0
0
0
0
1
0
0
7
0
9
4
6
0
0
0
3
0
0
0
0
0
7
4
0
0
0
8
0
0
3
1
0
0
4
0
0
0
0
0
0
0
8
0
0
0
0
1
0
4
0
9
0
0
0
0
0
0
0
6
0
TWO
0
1
0
0
0
0
0
0
8
0
0
0
5
9
0
0
6
0
0
0
5
0
0
2
0
7
0
0
0
0
0
8
0
0
5
4
3
0
2
0
1
0
0
0
0
0
0
0
4
0
7
9
0
0
4
0
0
0
0
0
4
9
0
0
5
1
0
0
0
7
2
0
9
0
0
0
0
0
0
0
0
THREE
1
3
0
6
0
0
0
0
0
0
0
6
0
0
1
7
0
0
0
0
8
0
0
0
0
0
0
0
0
0
0
8
0
0
0
0
6
0
0
1
0
7
0
0
3
0
0
0
0
9
0
5
7
0
0
0
9
0
0
0
8
0
0
0
8
0
0
0
3
9
4
0
0
7
3
0
0
0
0
5
6
FOUR
0
6
0
1
3
0
0
4
0
0
0
0
0
0
8
0
0
0
9
2
0
7
0
0
0
5
8
3
4
0
2
0
0
0
0
0
0
0
5
0
0
9
0
0
6
0
9
0
0
0
1
0
0
5
0
0
0
0
0
0
1
9
0
0
3
0
9
0
0
0
0
7
0
0
0
0
8
0
0
0
0
FIVE
0
6
0
0
0
7
0
0
0
1
0
0
0
8
0
0
0
4
0
0
0
9
1
0
0
0
0
0
0
0
0
0
0
0
0
0
0
0
0
3
0
0
0
2
6
4
7
0
0
0
6
8
0
0
6
0
5
0
0
2
4
7
0
0
0
0
0
0
8
1
0
0
0
0
9
0
0
0
0
3
0
